0 12 14 10000 10000 10000 10000 10000 10000 10000 10000 10000 10000 10000 10000 10000
12 0 20 10 21 10000 10000 10000 10000 10000 10000 10000 10000 10000 10000 10000
14 20 0 11 100000 20 10000 10000 10000 10000 10000 10000 10000 10000 10000 10000
10000 10 11 0 13 14 10000 10000 10000 10000 10000 10000 10000 10000 10000 10000
10000 21 10000 13 0 10000 16 17 10000 10000 10000 10000 10000 10000 10000 10000
10000 10000 20 14 10000 0 15 10000 18 10000 10000 10000 10000 10000 10000 10000
10000 10000 10000 10000 16 15 0 9 9 10000 10000 10000 10000 10000 10000 10000
10000 10000 10000 10000 17 10000 9 0 1000 11 10 10000 10000 10000 10000 10000
10000 10000 10000 10000 10000 18 9 10000 0 10 10000 16 10000 10000 10000 10000
10000 10000 10000 10000 10000 10000 10000 11 10 0 8 7 10000 10000 10000 10000
10000 10000 10000 10000 10000 10000 10000 10 10000 8 0 10000 10 20 10000 10000
10000 10000 10000 10000 10000 10000 10000 10000 16 7 10000 0 10000 21 10000 10000
10000 10000 10000 10000 10000 10000 10000 10000 10000 10000 10 10000 0 11 10000 9
10000 10000 10000 10000 10000 10000 10000 10000 10000 10000 20 21 11 0 12 10
10000 10000 10000 10000 10000 10000 10000 10000 10000 10000 10000 10 10000 12 0 23
10000 10000 10000 10000 10000 10000 10000 10000 10000 10000 10000 10000 9 10 23 0
