0 12 14 10000 10000 10000 10000 10000 10000 10000 10000 10000 10000 10000 10000 10000
12 0 27 10 16 10000 10000 10000 10000 10000 10000 10000 10000 10000 10000 10000
14 27 0 18 10000 26 10000 10000 10000 10000 10000 10000 10000 10000 10000 10000
10000 10 18 0 21 12 10000 10000 10000 10000 10000 10000 10000 10000 10000 10000
10000 16 10000 21 0 10000 9 12 10000 10000 10000 10000 10000 10000 10000 10000
10000 10000 26 12 10000 0 6 10000 13 10000 10000 10000 10000 10000 10000 10000
10000 10000 10000 10000 9 6 0 9 6 10000 10000 10000 10000 10000 10000 10000
10000 10000 10000 10000 12 1000 9 0 16 7 1000 14 10000 10000 10000 10000 10000
10000 10000 10000 10000 10000 13 6 16 0 10 10000 9 10000 10000 10000 10000
10000 10000 10000 10000 10000 10000 1000 7 10 0 20 18 10000 10000 10000 10000
10000 10000 10000 10000 10000 10000 10000 14 10000 20 0 10000 13 30 10000 10000
10000 10000 10000 10000 10000 10000 10000 10000 9 10 10000 0 19 10000 32 10000
10000 10000 10000 10000 10000 10000 10000 10000 10000 10000 13 19 0 21 24 10000
10000 10000 10000 10000 10000 10000 10000 10000 10000 10000 30 1000 21 0 30 6
10000 10000 10000 10000 10000 10000 10000 10000 10000 10000 10000 32 24 30 0 25
10000 10000 10000 10000 10000 10000 10000 10000 10000 10000 10000 10000 10000 6 25 0
