0 6       10000 10000 10000 10000 6 10000       10000 10000 10000 10000 10000 10000 10000 10000 10000 10000 10000  10000 10000 10000 10000 10000 10000 10000 10000 10000 10000 10000 10000 10000 10000 10000 10000 10000 10000  10000 10000 10000 10000 10000 10000 10000 10000 10000 10000 10000 10000  10000
0 6       10000 10000 10000 9 9       10000       10000 10000 10000 10000 10000 10000 10000 10000 10000 10000  10000 10000 10000 10000 10000 10000 10000 10000 10000 10000 10000 10000 10000 10000 10000 10000 10000 10000  10000 10000 10000 10000 10000 10000 10000 10000 10000 10000 10000 10000 10000
0 6       10000 10000 10000 6       9       10000 10000 10000 10000 10000 10000 10000 10000 10000 10000  10000 10000 10000 10000 10000 10000 10000 10000 10000 10000 10000 10000 10000 10000 10000 10000 10000 10000  10000 10000 10000 10000 10000 10000 10000 10000 10000 10000 10000 10000 10000
0 6       10000 10000 10000 6       9       10000 10000 10000 10000 10000 10000 10000 10000 10000  10000 10000 10000 10000 10000 10000 10000 10000 10000 10000 10000 10000 10000 10000 10000 10000 10000 10000  10000 10000 10000 10000 10000 10000 10000 10000 10000 10000 10000 10000 10000
0 6       10000 10000 10000 6       10000 10000 10000 10000 10000 10000 10000 10000 10000  10000 10000 10000 10000 10000 10000 10000 10000 10000 10000 10000 10000 10000 10000 10000 10000 10000 10000  10000 10000 10000 10000 10000 10000 10000 10000 10000 10000 10000 10000 10000
0 10000 10000 10000 6       10000 10000 10000 10000 10000 10000 10000 10000 10000  10000 10000 10000 10000 10000 10000 10000 10000 10000 10000 10000 10000 10000 10000 9       10000 10000 10000  10000 10000 10000 10000 10000 10000 10000 10000 10000 10000 10000 10000 10000
0 12       10000 10000 6       9       10000 10000 10000 10000 10000 10000 10000  10000 10000 10000 10000 10000 10000 10000 10000 10000 10000 10000 10000 10000 10000 10000 10000 10000 10000  10000 10000 10000 10000 10000 10000 10000 10000 10000 10000 10000 10000 10000
0 6       10000 10000 9       6       10000 10000 10000 10000 10000 10000  10000 10000 10000 10000 10000 10000 10000 10000 10000 10000 10000 10000 10000 10000 10000 10000 10000 10000  10000 10000 10000 10000 10000 10000 10000 10000 10000 10000 10000 10000 10000
0 6       10000 10000 9       9       10000 10000 10000 10000 10000  10000 10000 10000 10000 10000 10000 10000 10000 10000 10000 10000 10000 10000 10000 10000 10000 10000 10000  10000 10000 10000 10000 10000 10000 10000 10000 10000 10000 10000 10000 10000
0 10000 10000 10000 6       9       10000 10000 10000 10000  10000 10000 10000 10000 10000 10000 10000 10000 10000 10000 10000 10000 10000 10000     12    10000 10000 10000  10000 10000 10000 10000 10000 10000 10000 10000 10000 10000 10000 10000 10000
0 6       10000 10000 10000 6       9       10000 10000  10000 10000 10000 10000 10000 10000 10000 10000 10000 10000 10000 10000 10000 10000 10000 10000 10000 10000  10000 10000 10000 10000 10000 10000 10000 10000 10000 10000 10000 10000 10000
0 6       10000 10000      9      6 9 10000  10000 10000 10000 10000 10000 10000 10000 10000 10000 10000 10000 10000 10000 10000 10000 10000 10000 10000  10000 10000 10000 10000 10000 10000 10000 10000 10000 10000 10000 10000 10000
0 10000 10000 10000 9        6      10000  10000 10000 10000 10000 10000 10000 10000 10000 10000 10000 10000 10000 10000 10000 10000 10000 10000 10000  10000 10000 10000 10000 10000 10000 10000 10000 10000 10000 10000 10000 10000
0 6       10000 10000 10000 6       10000 10000 10000 10000 10000 10000 10000 10000 10000 10000 10000 10000 10000 10000 10000 10000 10000 10000  10000 10000 10000 10000 10000 10000 10000 10000 10000 10000 10000 10000 10000
0 10000 10000 10000 9  10000 10000 10000 10000 10000 10000 10000 10000 10000 10000 10000 10000  10000 10000 9     6        10000 10000  10000 10000 10000 10000 10000 10000 10000 10000 10000 10000 10000 10000 10000
0 6       10000 10000  6       10000 10000 10000 10000 10000 10000 10000 10000 10000 10000 10000 10000 10000 10000 10000 10000 10000  10000 10000 10000 10000 10000 10000 10000 10000 10000 10000 10000 10000 10000
0 6       10000  9       9       10000 10000 10000 10000 10000 10000 10000 10000 10000 10000 10000 10000 10000 10000 10000 10000  10000 10000 10000 10000 10000 10000 10000 10000 10000 10000 10000 10000 10000
0 10000  10000 6       9       10000 10000 10000 10000 10000 10000 10000 10000 10000 10000 10000 10000 10000 10000 10000  10000 10000 10000 10000 10000 10000 10000 10000 10000 10000 10000 10000 10000
0  10000 10000 9       6        9      10000 10000 10000 10000 10000 10000 10000 10000 10000 10000 10000 10000 10000  10000 10000 10000 10000 10000 10000 10000 10000 10000 10000 10000 10000 10000
0 10000        10000 10000 10000 6        10000      10000 10000 10000 10000 10000 10000 10000 10000 10000 10000 10000  10000 10000 10000 10000 10000 10000 10000 10000 10000 10000 10000 10000 10000
0 6         10000 10000 10000 9        9     10000 10000 10000 10000 10000 10000 10000 10000 10000 10000  10000 10000 10000 10000 10000 10000 10000 10000 10000 10000 10000 10000 10000
0 6        10000 10000 10000 6        9       10000 10000 10000 10000 10000 10000 10000 10000 10000  10000 10000 10000 10000 10000 10000 10000 10000 10000 10000 10000 10000 10000
0 6        10000 10000 10000 6       9       10000 10000 10000 10000 10000 10000 10000 10000  10000 10000 10000 10000 10000 10000 10000 10000 10000 10000 10000 10000 10000
0 10000 10000 10000      9    6       10000 10000 10000 10000 10000 10000 6      9       10000 10000 10000 10000 10000 10000 10000 10000 10000 10000 10000 10000 10000
0 6        10000 10000 10000 10000 6        10000 10000 10000 10000 10000 10000  10000 10000 10000 10000 10000 10000 10000 10000 10000 10000 10000 10000 10000
0 10000 10000 10000 10000 10000 9          10000 10000 10000 10000 10000  10000 10000 10000 10000 10000 10000 10000 10000 10000 10000 10000 10000 10000
0 6 10000 10000 10000 9       9         10000 10000 10000 10000  10000 10000 10000 10000 10000 10000 10000 10000 10000 10000 10000 10000 10000
0 6        9      10000 10000 9       10000 10000 10000 10000  10000 10000 10000 10000 10000 10000 10000 10000 10000 10000 10000 10000 10000
0 6       10000 10000 10000 10000 10000  9      6        9       10000 10000 10000 10000 10000 10000 10000 10000 10000 10000 10000 10000
0 10000 10000 6       10000 10000 10000 9       6        9       10000 10000 10000 10000 10000 10000 10000 10000 10000 10000 10000
0 12       10000 10000 10000 10000 10000  10000 10000 10000 10000 9       10000 10000 10000 10000 10000 10000 10000 10000
0 12       10000 10000 10000 10000  10000 10000 10000 9        9       10000 10000 10000 10000 10000 10000 10000 10000
0 10000 10000 10000 10000  10000 10000 10000 9       10000 10000 10000 10000 10000 10000 10000 10000 10000
0 12       10000 10000  10000 10000 10000 10000 18        12      10000 10000 10000 10000 10000 10000 10000
0 12       10000  10000 10000 10000 10000 6       18         18     10000 10000 10000 10000 10000 10000
0 6        10000 10000 10000 10000 9       10000 6         9      10000 10000 10000 10000 10000
0  6       10000 10000 10000 10000 10000 9       6          9       10000 10000 10000 10000
0 6        10000 10000 10000 10000 10000        9        6        6 10000 10000 10000
0 6        10000 10000 10000 10000 10000 9         6         10000 10000 10000
0 10000 10000 10000 10000 10000 10000 10000 6 9 6 
0 10000 10000 10000 10000 10000 10000 10000 10000 10000
0 12 12 10000 10000 10000 10000 10000 10000
0 10000 10000 10000 10000 10000 10000 10000
0 6 10000 10000 10000 10000 10000
0 6 10000 10000 10000 10000
0 6 10000 10000 10000
0 6 10000 10000
0 6 10000
0 6 
0